1751640895720 0.00023623703703703705 0
1751640929173 0.00045076230370370374 1
1751640962309 0.0006417255703703704 2
1751640995080 0.000607971 3
1751641027727 0.000572628 4
1751641061043 0.000537285 5
1751641093661 0.000501942 6
1751641127295 0.000466599 7
1751641160764 0.000431256 8
1751641195135 0.000395913 9
1751641243788 0.00036057 10
1751641276282 0.000325227 11
1751641309423 0.000289884 12
1751641342028 0.000254541 13
1751641375354 0.00021919800000000004 14
1751641407905 0.000183855 15
1751641441194 0.00014851199999999998 16
1751641477358 0.00011316900000000003 17
1751641513987 7.782599999999998e-05 18
1751641549171 4.2483000000000034e-05 19
