1751711669673 0.69134 0
1751711708891 0.72485 1
1751711747067 0.75289 2
1751711784839 0.76736 3
1751711822590 0.79988 4
1751711860334 0.80053 5
1751711898151 0.82302 6
1751711936595 0.8336 7
1751711974160 0.84687 8
1751712011787 0.84836 9
1751712069168 0.85855 10
1751712106937 0.86171 11
1751712145204 0.87055 12
1751712182387 0.86377 13
1751712221186 0.88822 14
1751712260158 0.89227 15
1751712298421 0.89942 16
1751712337192 0.90482 17
1751712375536 0.90737 18
1751712414370 0.90763 19
1751712420556 0.9078682892395549 19
