1751711669673 0.4416 0
1751711708891 0.4717 1
1751711747067 0.49605 2
1751711784839 0.50537 3
1751711822590 0.53753 4
1751711860334 0.54169 5
1751711898151 0.56689 6
1751711936595 0.5821 7
1751711974160 0.59788 8
1751712011787 0.59989 9
1751712069168 0.60495 10
1751712106937 0.61679 11
1751712145204 0.63387 12
1751712182387 0.62814 13
1751712221186 0.65317 14
1751712260158 0.66412 15
1751712298421 0.6743 16
1751712337192 0.68231 17
1751712375536 0.68645 18
1751712414370 0.69313 19
1751712420556 0.6933932787588014 19
