1751711669673 0.66287 0
1751711708891 0.67544 1
1751711747067 0.76159 2
1751711784839 0.72015 3
1751711822590 0.80893 4
1751711860334 0.7339 5
1751711898151 0.80031 6
1751711936595 0.75834 7
1751711974160 0.7656 8
1751712011787 0.82087 9
1751712069168 0.82844 10
1751712106937 0.81733 11
1751712145204 0.85081 12
1751712182387 0.80884 13
1751712221186 0.84041 14
1751712260158 0.84759 15
1751712298421 0.8465 16
1751712337192 0.89145 17
1751712375536 0.89833 18
1751712414370 0.89141 19
1751712420556 0.891455137093755 19
