1751711669673 0.68801 0
1751711708891 0.70936 1
1751711747067 0.69104 2
1751711784839 0.74553 3
1751711822590 0.73005 4
1751711860334 0.79503 5
1751711898151 0.79604 6
1751711936595 0.80586 7
1751711974160 0.83956 8
1751712011787 0.79066 9
1751712069168 0.79629 10
1751712106937 0.83191 11
1751712145204 0.83237 12
1751712182387 0.84505 13
1751712221186 0.86196 14
1751712260158 0.87113 15
1751712298421 0.87745 16
1751712337192 0.86582 17
1751712375536 0.87485 18
1751712414370 0.88436 19
1751712420556 0.8843234751780875 19
