1751711665651 0.00023623703703703705 0
1751711705337 0.00045076230370370374 1
1751711743617 0.0006417255703703704 2
1751711780716 0.000607971 3
1751711818870 0.000572628 4
1751711856628 0.000537285 5
1751711894399 0.000501942 6
1751711932879 0.000466599 7
1751711970533 0.000431256 8
1751712008045 0.000395913 9
1751712065360 0.00036057 10
1751712103091 0.000325227 11
1751712141575 0.000289884 12
1751712178719 0.000254541 13
1751712217563 0.00021919800000000004 14
1751712255456 0.000183855 15
1751712294003 0.00014851199999999998 16
1751712332988 0.00011316900000000003 17
1751712371316 7.782599999999998e-05 18
1751712410141 4.2483000000000034e-05 19
