1751709952898 0.00023623703703703705 0
1751709989229 0.00045076230370370374 1
1751710023420 0.0006417255703703704 2
1751710059545 0.000607971 3
1751710094895 0.000572628 4
1751710131679 0.000537285 5
1751710166297 0.000501942 6
1751710202191 0.000466599 7
1751710239200 0.000431256 8
1751710275506 0.000395913 9
1751710340577 0.00036057 10
1751710373786 0.000325227 11
1751710409361 0.000289884 12
1751710443945 0.000254541 13
1751710479666 0.00021919800000000004 14
1751710514341 0.000183855 15
1751710547728 0.00014851199999999998 16
1751710585095 0.00011316900000000003 17
1751710624326 7.782599999999998e-05 18
1751710658805 4.2483000000000034e-05 19
