1751709956647 0.70076 0
1751709992444 0.73612 1
1751710027527 0.73637 2
1751710062916 0.77169 3
1751710098944 0.79741 4
1751710135178 0.8054 5
1751710169801 0.81389 6
1751710206190 0.8386 7
1751710243480 0.82855 8
1751710279541 0.84937 9
1751710343535 0.84347 10
1751710377104 0.85388 11
1751710413325 0.85775 12
1751710448068 0.8685 13
1751710483686 0.88072 14
1751710517677 0.88774 15
1751710551501 0.88626 16
1751710588664 0.89309 17
1751710628081 0.90398 18
1751710662296 0.90305 19
1751710667241 0.9031297266633601 19
