1751709956647 0.45609 0
1751709992444 0.48814 1
1751710027527 0.48542 2
1751710062916 0.5153 3
1751710098944 0.53514 4
1751710135178 0.55604 5
1751710169801 0.56092 6
1751710206190 0.59193 7
1751710243480 0.58255 8
1751710279541 0.60861 9
1751710343535 0.60647 10
1751710377104 0.61855 11
1751710413325 0.62379 12
1751710448068 0.64739 13
1751710483686 0.65394 14
1751710517677 0.66 15
1751710551501 0.67309 16
1751710588664 0.68025 17
1751710628081 0.69062 18
1751710662296 0.69602 19
1751710667241 0.696296206505548 19
