1751709956647 0.66648 0
1751709992444 0.68471 1
1751710027527 0.62913 2
1751710062916 0.68758 3
1751710098944 0.76488 4
1751710135178 0.72882 5
1751710169801 0.77914 6
1751710206190 0.76389 7
1751710243480 0.7649 8
1751710279541 0.78827 9
1751710343535 0.8428 10
1751710377104 0.83924 11
1751710413325 0.81809 12
1751710448068 0.85266 13
1751710483686 0.8172 14
1751710517677 0.85882 15
1751710551501 0.88699 16
1751710588664 0.87838 17
1751710628081 0.88144 18
1751710662296 0.89108 19
1751710667241 0.8910925468224011 19
