1751709956647 0.67551 0
1751709992444 0.73378 1
1751710027527 0.72305 2
1751710062916 0.74558 3
1751710098944 0.76107 4
1751710135178 0.78439 5
1751710169801 0.79573 6
1751710206190 0.80518 7
1751710243480 0.80632 8
1751710279541 0.83073 9
1751710343535 0.77721 10
1751710377104 0.81802 11
1751710413325 0.81601 12
1751710448068 0.82964 13
1751710483686 0.86334 14
1751710517677 0.86109 15
1751710551501 0.83574 16
1751710588664 0.86394 17
1751710628081 0.87844 18
1751710662296 0.87601 19
1751710667241 0.8760116054007557 19
