1751640898833 0.70076 0
1751640932001 0.73612 1
1751640965128 0.73637 2
1751640997864 0.77169 3
1751641030723 0.79741 4
1751641064091 0.8054 5
1751641096657 0.81389 6
1751641130499 0.8386 7
1751641163982 0.82855 8
1751641198234 0.84937 9
1751641246820 0.84347 10
1751641279311 0.85388 11
1751641312451 0.85775 12
1751641345076 0.8685 13
1751641378274 0.88072 14
1751641410872 0.88774 15
1751641444238 0.88626 16
1751641481175 0.89309 17
1751641517780 0.90398 18
1751641552557 0.90305 19
1751641557182 0.9031297266633601 19
