1751640898833 0.45609 0
1751640932001 0.48814 1
1751640965128 0.48542 2
1751640997864 0.5153 3
1751641030723 0.53514 4
1751641064091 0.55604 5
1751641096657 0.56092 6
1751641130499 0.59193 7
1751641163982 0.58255 8
1751641198234 0.60861 9
1751641246820 0.60647 10
1751641279311 0.61855 11
1751641312451 0.62379 12
1751641345076 0.64739 13
1751641378274 0.65394 14
1751641410872 0.66 15
1751641444238 0.67309 16
1751641481175 0.68025 17
1751641517780 0.69062 18
1751641552557 0.69602 19
1751641557182 0.696296206505548 19
