1751640898833 0.66648 0
1751640932001 0.68471 1
1751640965128 0.62913 2
1751640997864 0.68758 3
1751641030723 0.76488 4
1751641064091 0.72882 5
1751641096657 0.77914 6
1751641130499 0.76389 7
1751641163982 0.7649 8
1751641198234 0.78827 9
1751641246820 0.8428 10
1751641279311 0.83924 11
1751641312451 0.81809 12
1751641345076 0.85266 13
1751641378274 0.8172 14
1751641410872 0.85882 15
1751641444238 0.88699 16
1751641481175 0.87838 17
1751641517780 0.88144 18
1751641552557 0.89108 19
1751641557182 0.8910925468224011 19
