1751640898833 0.67551 0
1751640932001 0.73378 1
1751640965128 0.72305 2
1751640997864 0.74558 3
1751641030723 0.76107 4
1751641064091 0.78439 5
1751641096657 0.79573 6
1751641130499 0.80518 7
1751641163982 0.80632 8
1751641198234 0.83073 9
1751641246820 0.77721 10
1751641279311 0.81802 11
1751641312451 0.81601 12
1751641345076 0.82964 13
1751641378274 0.86334 14
1751641410872 0.86109 15
1751641444238 0.83574 16
1751641481175 0.86394 17
1751641517780 0.87844 18
1751641552557 0.87601 19
1751641557182 0.8760116054007557 19
